,year,latest_released_date,total_records,country_month_pairs,number_reporting_countries,reporting_progress
0,2008,2024-07-30 19:17:43,34466560,420,35,0.2595797280593325
1,2009,2024-07-30 19:19:21,35316634,467,39,0.28862793572311496
2,2010,2024-07-31 19:42:38,112916369,1301,117,0.804079110012361
3,2011,2025-05-27 21:54:43,121918287,1394,120,0.861557478368356
4,2012,2024-07-31 19:40:58,124341325,1400,121,0.865265760197775
5,2013,2024-07-31 19:56:04,138489228,1389,119,0.8584672435105068
6,2014,2025-06-12 07:02:50,144338901,1442,122,0.8912237330037083
7,2015,2024-07-31 20:33:29,164744579,1576,140,0.9740420271940667
8,2016,2024-08-01 15:37:58,173731382,1608,139,0.9938195302843016
9,2017,2025-06-21 16:32:38,210580248,1607,137,0.9932014833127317
10,2018,2025-06-21 18:39:39,193327363,1618,140,1.0
11,2019,2025-06-21 11:40:47,299472935,1556,134,0.9616810877626699
12,2020,2025-06-11 23:40:27,198735263,1541,130,0.9524103831891224
13,2021,2025-07-24 20:56:23,205361923,1500,125,0.927070457354759
14,2022,2025-07-19 06:21:44,238928192,1472,128,0.9097651421508035
15,2023,2025-07-25 08:33:06,264722358,1404,117,0.8677379480840544
16,2024,2025-07-24 14:21:19,281275202,1090,99,0.6736711990111248
